w0 = 3224.993055
w1 = 331.813934