w0 = 15580.075991
w1 = -607.240222