w0 = 3224.992967
w1 = 331.813939