w0 = 4081.243196
w1 = 282.308008