w0 = 1588.570986
w1 = 159.150255