w0 = 322232.815045
w1 = -3010.496191