w0 = 14006.195723
w1 = -223.082200