w0 = 2685.895985
w1 = 587.446157