w0 = 2425.151626
w1 = 16.780000