w0 = 10909.250000
w1 = -2078.777439