w0 = 3028.566496
w1 = -14.127238