w0 = 13956.955882
w1 = -220.235294