w0 = 16116.281546
w1 = -513.810000