w0 = 16194.249937
w1 = -642.749996