w0 = 322232.814578
w1 = -3010.496164