w0 = 13956.955887
w1 = -220.235294