w0 = 16194.250000
w1 = -642.750000