w0 = 3162.189051
w1 = -21.852910