w0 = 8320.710000
w1 = -360.870000