w0 = 1588.570972
w1 = 159.150256