w0 = 121.191816
w1 = 524.392583