w0 = 14890.683527
w1 = -465.622764