w0 = 968.190694
w1 = 475.421540