w0 = 7410.670000
w1 = -1365.007739