w0 = 3811.920000
w1 = -114.511348