w0 = 345326.994839
w1 = -5924.806738