w0 = 11926.116485
w1 = -33.120000