w0 = 14890.683504
w1 = -465.622762