w0 = 1721.442650
w1 = 151.467997