w0 = 15119.333584
w1 = -478.842653