w0 = 1488.925831
w1 = 656.651535