w0 = 121.191903
w1 = 524.392578