w0 = 3028.566510
w1 = -14.127239