w0 = 1488.925954
w1 = 656.651527