w0 = 14251.000000
w1 = -241.000000