w0 = 326773.078927
w1 = -3273.001214